function loadFrames(data, seq) {
    // load frames from data: nested array of hel pars 
    var sequence = (seq || null);
    var parsed = parseFrames(data);
    var frames = parsed[0];
    var nsteps = parsed[1];
    var nstrand = parsed[2];
    var nbp = parsed[3];
    if(nstrand == 1) {		// RBP
	log("Building RBP."); 
	if(nsteps > 1)
	    movieRbp(sequence, nstrand, nbp,  frames); 
	else
	    buildRbp(sequence, nstrand, nbp,  frames[0]);
    }else if(nstrand == 2) {	// RB
	log("Building RB.");
	if(nsteps > 1)
	    movieRb(sequence, nstrand, nbp,  frames);
	else
	    buildRb(sequence, nstrand, nbp,  frames[0]);
    }else{
	console.log("Wrong number of strands "+nstrand+".");
    }
}

function parseFrames(data) {
    // parse data (nested array of hel pars) to frames[] structure
    var ret = [];
    var frames;
    var numStrands = Math.max.apply(Math, _mcol(data, 0))*1000;
    var nbp = Math.max.apply(Math, _mcol(data, 1))*1000;
    var nsteps = 0;
    var i = 0;
    console.log("PARSING: ("+numStrands+" strands, "+nbp+" bp)");
    while(i<data.length) {
	frames = [];
	for(var ii=0; ii<nbp; ii++) // init
	    frames.push([]);
	for(var s=0; s<numStrands; s++) {
	    for(var ii=0; ii<nbp; ii++) {
		if(data[i][0]*1000 != s+1) {
		    nbp --;
		    continue;
		}
		frames[ii].push(_mpr2(data[i].slice(2, 11), data[i].slice(11, 14)));
		i++;
		// var tmp = frames[ii][frames[ii].length -1];
		// tmp.setPosition(tmp.getPosition().addSelf(_v(10,0,0)));
		// frames[ii][frames[ii].length -1].setPosition(_v(0,0,0));
	    }
	}
	ret.push(frames);
	nsteps ++;
    }
    log("PARSE: "+nsteps+" frames found ("+numStrands+" strands, "+nbp+" bp)");
    return [ret, nsteps, numStrands, nbp];
}

function DATToArray(dataString) {
    // Convert dat file to array
    var data = [[]];
    var objPattern = new RegExp("( *)([-+0-9.]+) *(\\r?\\n|\\r$)?","gi");
    var match = null;
    
    while (match = objPattern.exec( dataString )) {
	data[data.length-1].push(match[2]/1000); // move to parseing
	if(match[3] && ( match[3][0] == "\n" || match[3][0] == "\r"))
	    data.push([]);
    }
    log("DAT: found "+(data.length-1)+"x"+data[0].length);
    return data.slice(0, data.length-1);
};

var defaultData = "[[0.001,0.001,-0.425,0.581,-0.694,-0.523,0.468,0.713,0.738,0.666,0.105,-14.871,-22.006,-1.264],[0.001,0.002,-0.72,0.675,-0.16,-0.127,0.098,0.987,0.682,0.731,0.016,-12.439,-20.22,-1.654],[0.001,0.003,-0.735,0.563,0.379,0.327,-0.195,0.925,0.594,0.803,-0.04,-10,-17.81,-2.145],[0.001,0.004,-0.482,0.189,0.856,0.721,-0.469,0.51,0.498,0.863,0.09,-9.399,-13.851,-1.517],[0.001,0.005,0.025,-0.082,0.996,0.816,-0.575,-0.068,0.578,0.814,0.052,-8.628,-9.999,-0.356],[0.001,0.006,0.411,-0.312,0.857,0.815,-0.296,-0.499,0.409,0.903,0.133,-7.887,-7.222,-0.754],[0.001,0.007,0.781,-0.304,0.546,0.558,-0.052,-0.828,0.281,0.951,0.129,-7.548,-4.014,0.863],[0.001,0.008,0.829,-0.547,-0.115,-0.023,0.172,-0.985,0.559,0.819,0.13,-6.389,-0.801,2.181],[0.001,0.009,0.768,-0.371,-0.522,-0.271,0.55,-0.79,0.58,0.749,0.322,-4.194,1.098,2.935],[0.001,0.01,0.235,-0.312,-0.92,-0.592,0.705,-0.391,0.771,0.637,-0.019,-0.823,2.593,3.715],[0.001,0.011,-0.062,0.285,-0.957,-0.497,0.823,0.277,0.865,0.493,0.09,1.725,4.223,3.334],[0.001,0.012,-0.578,0.355,-0.734,-0.386,0.674,0.63,0.719,0.648,-0.253,5.129,5.618,3.302],[0.001,0.013,-0.667,0.647,-0.371,0.023,0.515,0.857,0.745,0.563,-0.358,7.502,6.862,1.602],[0.001,0.014,-0.717,0.615,0.329,0.36,-0.078,0.93,0.598,0.785,-0.165,9.385,9.633,-0.669],[0.001,0.015,-0.412,0.553,0.724,0.774,-0.207,0.599,0.481,0.807,-0.343,10.841,11.989,-1.839],[0.001,0.016,-0.074,0.322,0.944,0.975,-0.176,0.136,0.21,0.93,-0.301,13.002,14.722,-0.696],[0.001,0.017,0.414,-0.149,0.898,0.818,-0.372,-0.439,0.4,0.916,-0.033,13.985,18.378,-1.8],[0.001,0.018,0.734,-0.452,0.506,0.411,-0.297,-0.862,0.54,0.841,-0.032,15.616,21.772,-0.569],[0.002,0.001,-0.634,0.311,-0.708,0.583,-0.41,-0.702,-0.508,-0.858,0.078,-15.127,-22.256,-1.184],[0.002,0.002,-0.923,0.356,-0.145,0.1,-0.143,-0.985,-0.371,-0.924,0.096,-12.33,-20.032,-1.602],[0.002,0.003,-0.775,0.4,0.489,-0.469,0.154,-0.87,-0.423,-0.904,0.068,-9.924,-17.373,-2.101],[0.002,0.004,-0.687,-0.008,0.726,-0.665,0.408,-0.625,-0.292,-0.913,-0.286,-9.533,-14.149,-1.361],[0.002,0.005,-0.259,-0.258,0.931,-0.939,0.292,-0.181,-0.226,-0.921,-0.318,-8.939,-10.421,-0.563],[0.002,0.006,0.415,-0.511,0.753,-0.723,0.317,0.614,-0.553,-0.799,-0.238,-8.199,-7.622,-1.223],[0.002,0.007,0.632,-0.638,0.44,-0.372,0.248,0.895,-0.68,-0.728,-0.08,-7.511,-4.782,1.037],[0.002,0.008,0.714,-0.677,-0.179,-0.032,-0.288,0.957,-0.699,-0.678,-0.227,-6.401,-0.37,2.455],[0.002,0.009,0.531,-0.672,-0.516,0.352,-0.379,0.856,-0.77,-0.636,0.036,-3.82,1.142,2.99],[0.002,0.01,0.154,-0.527,-0.836,0.605,-0.619,0.501,-0.781,-0.583,0.224,-1.001,2.365,3.397],[0.002,0.011,-0.139,-0.102,-0.985,0.777,-0.628,-0.045,-0.614,-0.772,0.166,1.91,3.855,3.49],[0.002,0.012,-0.607,0.281,-0.743,0.49,-0.604,-0.629,-0.626,-0.746,0.229,5.286,5.499,3.444],[0.002,0.013,-0.727,0.524,-0.444,0.268,-0.379,-0.886,-0.633,-0.763,0.134,7.783,7.272,1.414],[0.002,0.014,-0.888,0.325,0.327,-0.381,-0.119,-0.917,-0.259,-0.938,0.229,9.301,9.813,-0.651],[0.002,0.015,-0.488,0.444,0.751,-0.768,0.191,-0.612,-0.416,-0.875,0.247,11.511,12.14,-2.304],[0.002,0.016,-0.206,0.013,0.978,-0.886,0.423,-0.192,-0.417,-0.906,-0.075,13.054,15.035,-1.405],[0.002,0.017,0.327,-0.328,0.886,-0.717,0.525,0.459,-0.616,-0.785,-0.063,13.644,18.255,-2.26],[0.002,0.018,0.691,-0.488,0.534,-0.544,0.136,0.828,-0.476,-0.862,-0.171,15.535,21.659,-0.604],[0.001,0.001,-0.479,0.547,-0.687,-0.58,0.391,0.715,0.659,0.741,0.13,-14.762,-22.382,-0.528],[0.001,0.002,-0.722,0.674,-0.157,-0.249,-0.041,0.968,0.646,0.737,0.198,-11.9,-19.742,-1.366],[0.001,0.003,-0.736,0.532,0.418,0.281,-0.322,0.904,0.616,0.783,0.088,-10.052,-17.195,-2.177],[0.001,0.004,-0.403,0.285,0.87,0.769,-0.409,0.491,0.496,0.867,-0.054,-9.428,-14.052,-1.786],[0.001,0.005,0.015,-0.057,0.998,0.83,-0.555,-0.044,0.557,0.829,0.039,-8.858,-9.875,-0.86],[0.001,0.006,0.401,-0.311,0.862,0.837,-0.26,-0.482,0.374,0.914,0.156,-7.92,-7.28,-0.678],[0.001,0.007,0.755,-0.379,0.535,0.528,-0.132,-0.839,0.389,0.916,0.1,-7.169,-3.862,1.025],[0.001,0.008,0.926,-0.371,-0.066,0.019,0.222,-0.975,0.376,0.902,0.212,-6.25,-1.248,2.3],[0.001,0.009,0.734,-0.333,-0.592,-0.304,0.617,-0.726,0.607,0.713,0.351,-4.314,0.806,3.066],[0.001,0.01,0.205,-0.326,-0.923,-0.593,0.709,-0.382,0.778,0.626,-0.048,-1.267,2.674,3.771],[0.001,0.011,-0.046,0.038,-0.998,-0.639,0.767,0.059,0.767,0.641,-0.011,2.185,4.038,4.394],[0.001,0.012,-0.484,0.465,-0.741,-0.31,0.701,0.642,0.818,0.541,-0.194,5.059,5.651,3.184],[0.001,0.013,-0.64,0.705,-0.307,0.004,0.403,0.915,0.769,0.584,-0.26,7.599,7.229,1.513],[0.001,0.014,-0.544,0.769,0.337,0.33,-0.173,0.928,0.772,0.616,-0.159,9.772,10.579,-0.559],[0.001,0.015,-0.426,0.564,0.707,0.701,-0.289,0.652,0.573,0.774,-0.271,11.541,12.32,-2.157],[0.001,0.016,-0.104,0.146,0.984,0.924,-0.351,0.15,0.367,0.925,-0.098,13.192,15.262,-0.834],[0.001,0.017,0.413,-0.117,0.903,0.829,-0.361,-0.426,0.376,0.925,-0.053,14.265,18.749,-1.56],[0.001,0.018,0.853,-0.369,0.369,0.361,-0.093,-0.928,0.377,0.925,0.053,16.2,21.418,-1.006],[0.002,0.001,-0.657,0.413,-0.631,0.575,-0.266,-0.773,-0.487,-0.871,-0.063,-14.945,-22.677,-0.485],[0.002,0.002,-0.84,0.509,-0.186,0.153,-0.107,-0.982,-0.52,-0.854,0.012,-12.032,-20.203,-1.407],[0.002,0.003,-0.82,0.368,0.439,-0.392,0.198,-0.898,-0.418,-0.908,-0.018,-10.287,-17.403,-2.07],[0.002,0.004,-0.741,-0.036,0.67,-0.614,0.439,-0.656,-0.271,-0.898,-0.348,-10.178,-14.632,-1.48],[0.002,0.005,-0.081,0.033,0.996,-0.914,0.395,-0.087,-0.397,-0.918,-0.002,-9.109,-10.164,-1.062],[0.002,0.006,0.272,-0.474,0.837,-0.792,0.383,0.475,-0.546,-0.792,-0.272,-8.098,-7.665,-0.715],[0.002,0.007,0.664,-0.546,0.51,-0.453,0.249,0.856,-0.595,-0.8,-0.082,-7.186,-4.848,1.104],[0.002,0.008,0.723,-0.678,-0.132,-0.138,-0.33,0.934,-0.677,-0.657,-0.332,-6.089,-0.771,2.467],[0.002,0.009,0.641,-0.554,-0.531,0.43,-0.314,0.846,-0.635,-0.771,0.037,-4.111,0.827,3.053],[0.002,0.01,0.13,-0.466,-0.875,0.669,-0.61,0.425,-0.731,-0.641,0.233,-1.439,2.383,3.705],[0.002,0.011,-0.2,0.013,-0.98,0.713,-0.683,-0.155,-0.671,-0.73,0.128,2.046,3.902,4.127],[0.002,0.012,-0.553,0.232,-0.801,0.626,-0.518,-0.582,-0.55,-0.823,0.141,4.562,5.313,3.074],[0.002,0.013,-0.724,0.556,-0.408,0.242,-0.349,-0.905,-0.646,-0.754,0.118,7.89,7.421,1.273],[0.002,0.014,-0.82,0.413,0.397,-0.536,-0.309,-0.786,-0.202,-0.857,0.474,10.063,10.839,-0.888],[0.002,0.015,-0.465,0.453,0.761,-0.803,0.146,-0.578,-0.373,-0.879,0.296,11.962,12.525,-2.298],[0.002,0.016,-0.228,0.082,0.97,-0.875,0.42,-0.241,-0.428,-0.904,-0.024,13.357,15.525,-1.239],[0.002,0.017,0.394,-0.194,0.898,-0.744,0.507,0.436,-0.54,-0.84,0.056,13.735,18.435,-1.919],[0.002,0.018,0.826,-0.294,0.481,-0.42,0.249,0.873,-0.377,-0.923,0.083,15.72,21.857,-1.493],[0.001,0.001,-0.598,0.518,-0.612,-0.526,0.322,0.787,0.604,0.793,0.08,-14.933,-22.547,-0.559],[0.001,0.002,-0.757,0.619,-0.207,-0.166,0.125,0.978,0.632,0.775,0.009,-12.42,-20.374,-1.281],[0.001,0.003,-0.72,0.557,0.415,0.324,-0.259,0.91,0.614,0.789,0.006,-10.393,-17.356,-2.156],[0.001,0.004,-0.462,0.196,0.865,0.67,-0.562,0.485,0.581,0.804,0.128,-9.47,-13.614,-1.655],[0.001,0.005,-0.091,-0.051,0.995,0.855,-0.517,0.051,0.511,0.855,0.091,-9.09,-10.138,-1.279],[0.001,0.006,0.523,-0.251,0.815,0.814,-0.137,-0.564,0.254,0.958,0.133,-7.389,-7.445,-0.643],[0.001,0.007,0.842,-0.217,0.494,0.514,0.044,-0.857,0.165,0.975,0.148,-7.215,-4.41,0.665],[0.001,0.008,0.894,-0.44,-0.082,0.069,0.317,-0.946,0.442,0.84,0.313,-6.406,-1.542,2.221],[0.001,0.009,0.713,-0.307,-0.63,-0.318,0.659,-0.682,0.624,0.687,0.372,-4.24,0.481,2.79],[0.001,0.01,0.146,-0.31,-0.939,-0.619,0.712,-0.331,0.771,0.63,-0.088,-1.039,2.469,3.445],[0.001,0.011,-0.08,0.216,-0.973,-0.537,0.813,0.225,0.84,0.541,0.051,2.261,3.877,3.85],[0.001,0.012,-0.412,0.469,-0.781,-0.267,0.758,0.595,0.871,0.454,-0.187,4.969,5.379,3.602],[0.001,0.013,-0.561,0.76,-0.329,0.155,0.487,0.859,0.813,0.431,-0.391,6.858,7.221,2.086],[0.001,0.014,-0.675,0.637,0.373,0.307,-0.218,0.927,0.672,0.739,-0.048,9.352,10.48,-0.318],[0.001,0.015,-0.402,0.478,0.781,0.714,-0.37,0.594,0.573,0.797,-0.192,11.149,12.937,-1.659],[0.001,0.016,-0.185,0.074,0.98,0.86,-0.471,0.198,0.476,0.879,0.024,13.432,15.705,-0.978],[0.001,0.017,0.301,-0.097,0.949,0.841,-0.442,-0.312,0.45,0.892,-0.052,14,18.991,-2.167],[0.001,0.018,0.813,-0.425,0.398,0.299,-0.282,-0.912,0.5,0.86,-0.103,16.35,22.308,-1.126],[0.002,0.001,-0.661,0.372,-0.652,0.6,-0.26,-0.757,-0.451,-0.891,-0.052,-15.528,-22.69,-0.766],[0.002,0.002,-0.832,0.518,-0.199,0.214,-0.032,-0.976,-0.512,-0.855,-0.085,-12.551,-20.424,-1.26],[0.002,0.003,-0.832,0.332,0.444,-0.401,0.191,-0.896,-0.382,-0.924,-0.026,-10.422,-17.309,-2.061],[0.002,0.004,-0.637,0.089,0.765,-0.657,0.455,-0.601,-0.402,-0.886,-0.232,-9.936,-14.36,-1.493],[0.002,0.005,-0.089,-0.174,0.981,-0.927,0.374,-0.018,-0.363,-0.911,-0.195,-9.063,-10.441,-1.763],[0.002,0.006,0.341,-0.406,0.848,-0.768,0.399,0.501,-0.542,-0.822,-0.176,-7.85,-8.203,-0.746],[0.002,0.007,0.706,-0.57,0.42,-0.413,0.15,0.898,-0.575,-0.807,-0.13,-7.367,-4.963,0.721],[0.002,0.008,0.795,-0.601,-0.079,-0.051,-0.197,0.979,-0.604,-0.775,-0.187,-6.052,-1.36,2.223],[0.002,0.009,0.606,-0.552,-0.572,0.415,-0.394,0.82,-0.678,-0.735,-0.01,-4.107,0.742,3.012],[0.002,0.01,0.235,-0.44,-0.867,0.656,-0.586,0.476,-0.717,-0.68,0.151,-1.296,1.857,3.656],[0.002,0.011,-0.178,-0.129,-0.976,0.766,-0.64,-0.055,-0.617,-0.757,0.213,1.614,3.455,3.481],[0.002,0.012,-0.664,0.299,-0.685,0.503,-0.5,-0.705,-0.553,-0.813,0.181,5.351,5.049,3.957],[0.002,0.013,-0.701,0.59,-0.4,0.272,-0.297,-0.915,-0.659,-0.75,0.047,7.706,7.537,2.046],[0.002,0.014,-0.875,0.376,0.306,-0.429,-0.304,-0.851,-0.227,-0.875,0.427,9.477,10.895,-0.429],[0.002,0.015,-0.628,0.239,0.741,-0.77,-0.056,-0.635,-0.11,-0.969,0.219,11.261,13.17,-1.882],[0.002,0.016,-0.373,-0.138,0.918,-0.896,0.312,-0.317,-0.243,-0.94,-0.24,13.455,15.742,-1.066],[0.002,0.017,0.284,-0.226,0.932,-0.831,0.427,0.356,-0.478,-0.876,-0.066,13.844,18.646,-2.052],[0.002,0.018,0.777,-0.477,0.41,-0.428,0.078,0.901,-0.462,-0.875,-0.143,15.409,21.988,-1.673],[0.001,0.001,-0.628,0.449,-0.635,-0.549,0.323,0.771,0.551,0.833,0.044,-14.909,-22.29,-0.647],[0.001,0.002,-0.809,0.555,-0.193,-0.308,-0.122,0.943,0.5,0.823,0.271,-11.726,-19.268,-1.551],[0.001,0.003,-0.651,0.603,0.46,0.33,-0.321,0.888,0.684,0.73,0.01,-10.184,-16.922,-2.15],[0.001,0.004,-0.435,0.24,0.868,0.698,-0.519,0.493,0.569,0.82,0.058,-9.333,-13.691,-1.824],[0.001,0.005,-0.094,-0.042,0.995,0.772,-0.634,0.046,0.629,0.772,0.092,-8.418,-9.835,-1.398],[0.001,0.006,0.41,-0.312,0.857,0.84,-0.236,-0.488,0.355,0.92,0.166,-8.073,-7.543,-0.658],[0.001,0.007,0.768,-0.37,0.523,0.609,0.165,-0.776,0.201,0.914,0.351,-7.061,-5.312,0.965],[0.001,0.008,0.846,-0.522,-0.107,0.035,0.255,-0.966,0.532,0.814,0.234,-6.166,-1.38,2.613],[0.001,0.009,0.709,-0.371,-0.6,-0.226,0.687,-0.691,0.668,0.626,0.403,-4.422,0.427,3.086],[0.001,0.01,0.276,-0.313,-0.909,-0.625,0.66,-0.417,0.73,0.683,-0.014,-0.66,2.941,4.297],[0.001,0.011,0.142,0.256,-0.956,-0.5,0.852,0.154,0.854,0.456,0.249,2.275,4.112,3.571],[0.001,0.012,-0.356,0.542,-0.761,-0.316,0.697,0.644,0.879,0.471,-0.077,5.078,5.776,3.274],[0.001,0.013,-0.545,0.776,-0.316,0.159,0.466,0.871,0.823,0.425,-0.377,6.925,7.251,1.72],[0.001,0.014,-0.68,0.685,0.259,0.313,-0.048,0.949,0.663,0.726,-0.181,9.313,9.705,-0.386],[0.001,0.015,-0.434,0.59,0.681,0.68,-0.282,0.677,0.592,0.756,-0.279,11.128,11.953,-2.207],[0.001,0.016,-0.233,-0.029,0.972,0.756,-0.634,0.163,0.611,0.773,0.17,13.198,16.081,-1.604],[0.001,0.017,0.386,-0.142,0.911,0.779,-0.479,-0.405,0.494,0.866,-0.074,14.046,19.473,-2.267],[0.001,0.018,0.776,-0.457,0.434,0.319,-0.309,-0.896,0.544,0.834,-0.095,16.191,22.474,-1.04],[0.002,0.001,-0.607,0.401,-0.686,0.608,-0.322,-0.726,-0.512,-0.858,-0.049,-15.248,-21.74,-0.977],[0.002,0.002,-0.851,0.504,-0.148,0.129,-0.073,-0.989,-0.509,-0.861,-0.003,-11.927,-19.983,-1.557],[0.002,0.003,-0.824,0.325,0.464,-0.369,0.313,-0.875,-0.43,-0.892,-0.138,-10.502,-17.25,-1.996],[0.002,0.004,-0.677,-0.084,0.731,-0.72,0.284,-0.634,-0.155,-0.955,-0.253,-9.514,-13.515,-1.897],[0.002,0.005,-0.228,-0.206,0.952,-0.915,0.38,-0.137,-0.334,-0.902,-0.275,-8.969,-10.78,-1.089],[0.002,0.006,0.31,-0.394,0.865,-0.709,0.51,0.487,-0.633,-0.764,-0.121,-8.422,-8.565,-0.487],[0.002,0.007,0.634,-0.63,0.449,-0.442,0.182,0.878,-0.635,-0.755,-0.162,-7.051,-5.269,1.059],[0.002,0.008,0.764,-0.636,-0.109,-0.149,-0.338,0.929,-0.628,-0.694,-0.353,-5.861,-0.938,2.799],[0.002,0.009,0.493,-0.658,-0.569,0.27,-0.506,0.819,-0.827,-0.558,-0.071,-3.714,1.159,3.373],[0.002,0.01,0.203,-0.394,-0.896,0.584,-0.686,0.434,-0.786,-0.612,0.091,-1.04,2.79,4.312],[0.002,0.011,-0.097,-0.087,-0.992,0.73,-0.683,-0.011,-0.676,-0.725,0.129,1.94,3.759,3.507],[0.002,0.012,-0.531,0.278,-0.801,0.521,-0.639,-0.567,-0.669,-0.718,0.194,4.933,5.532,3.356],[0.002,0.013,-0.665,0.581,-0.469,0.339,-0.326,-0.883,-0.666,-0.746,0.019,7.241,7.345,1.49],[0.002,0.014,-0.799,0.563,0.211,-0.281,-0.04,-0.959,-0.532,-0.825,0.189,9.186,9.867,-0.371],[0.002,0.015,-0.617,0.426,0.661,-0.65,0.198,-0.734,-0.444,-0.882,0.154,10.989,12.38,-1.937],[0.002,0.016,-0.31,-0.021,0.951,-0.879,0.389,-0.278,-0.364,-0.921,-0.139,12.989,15.258,-1.491],[0.002,0.017,0.324,-0.338,0.883,-0.898,0.184,0.4,-0.298,-0.923,-0.244,14.043,19.391,-2.14],[0.002,0.018,0.754,-0.513,0.411,-0.557,-0.167,0.813,-0.349,-0.842,-0.412,16.021,22.443,-1.203],[0.001,0.001,-0.508,0.552,-0.661,-0.605,0.317,0.73,0.612,0.771,0.174,-14.503,-21.949,-0.758],[0.001,0.002,-0.719,0.68,-0.144,-0.221,-0.028,0.975,0.658,0.733,0.171,-12.004,-19.512,-1.135],[0.001,0.003,-0.6,0.698,0.391,0.329,-0.23,0.916,0.729,0.678,-0.091,-10.393,-16.86,-2.026],[0.001,0.004,-0.379,0.321,0.868,0.668,-0.554,0.497,0.64,0.768,-0.005,-9.281,-13.344,-1.837],[0.001,0.005,-0.005,0.004,1,0.772,-0.635,0.007,0.635,0.772,0,-8.312,-9.596,-1.567],[0.001,0.006,0.307,-0.331,0.892,0.848,-0.33,-0.414,0.432,0.884,0.179,-7.987,-7.063,-1.613],[0.001,0.007,0.752,-0.459,0.472,0.463,-0.142,-0.875,0.469,0.877,0.106,-6.706,-3.93,0.645],[0.001,0.008,0.831,-0.539,-0.138,-0.009,0.235,-0.972,0.557,0.809,0.19,-5.891,-0.988,2.386],[0.001,0.009,0.726,-0.435,-0.534,-0.226,0.582,-0.781,0.65,0.688,0.324,-4.252,1.112,3.45],[0.001,0.01,0.289,-0.305,-0.907,-0.567,0.709,-0.419,0.771,0.636,0.032,-0.975,2.836,4.394],[0.001,0.011,0.111,0.286,-0.952,-0.488,0.85,0.198,0.866,0.443,0.234,2.097,3.877,4.135],[0.001,0.012,-0.483,0.41,-0.773,-0.325,0.736,0.594,0.813,0.539,-0.222,4.996,5.287,3.707],[0.001,0.013,-0.602,0.775,-0.195,-0.019,0.231,0.973,0.799,0.589,-0.124,7.487,7.819,1.535],[0.001,0.014,-0.709,0.554,0.436,0.397,-0.197,0.896,0.583,0.809,-0.08,9.273,10.138,-0.184],[0.001,0.015,-0.473,0.532,0.702,0.668,-0.303,0.68,0.575,0.79,-0.212,11.269,12.65,-2.205],[0.001,0.016,-0.102,0.14,0.985,0.916,-0.374,0.147,0.389,0.917,-0.09,12.679,15.558,-1.219],[0.001,0.017,0.368,-0.066,0.927,0.828,-0.43,-0.36,0.423,0.9,-0.103,13.848,18.789,-2.356],[0.001,0.018,0.812,-0.425,0.4,0.327,-0.236,-0.915,0.484,0.873,-0.053,15.911,21.676,-1.399],[0.002,0.001,-0.635,0.392,-0.666,0.588,-0.313,-0.746,-0.501,-0.865,-0.032,-14.669,-22.751,-0.653],[0.002,0.002,-0.866,0.446,-0.226,0.252,-0.002,-0.968,-0.432,-0.895,-0.11,-12.482,-20.051,-1.366],[0.002,0.003,-0.851,0.32,0.417,-0.361,0.221,-0.906,-0.382,-0.921,-0.073,-10.799,-16.904,-1.9],[0.002,0.004,-0.652,-0.036,0.757,-0.706,0.394,-0.589,-0.277,-0.918,-0.283,-9.317,-13.8,-1.962],[0.002,0.005,-0.08,-0.143,0.986,-0.907,0.42,-0.013,-0.413,-0.896,-0.164,-8.846,-10.335,-1.547],[0.002,0.006,0.249,-0.589,0.769,-0.776,0.355,0.522,-0.58,-0.726,-0.368,-7.958,-7.158,-1.368],[0.002,0.007,0.723,-0.585,0.366,-0.471,-0.031,0.881,-0.505,-0.81,-0.298,-6.83,-4.144,0.67],[0.002,0.008,0.773,-0.622,-0.127,-0.082,-0.296,0.952,-0.63,-0.725,-0.279,-5.903,-1.052,2.388],[0.002,0.009,0.568,-0.641,-0.517,0.342,-0.387,0.856,-0.749,-0.663,0,-3.809,1.16,3.366],[0.002,0.01,0.229,-0.4,-0.887,0.667,-0.599,0.443,-0.709,-0.694,0.13,-1.296,2.331,3.941],[0.002,0.011,-0.164,-0.083,-0.983,0.711,-0.7,-0.06,-0.683,-0.709,0.174,1.894,3.772,3.739],[0.002,0.012,-0.615,0.202,-0.762,0.486,-0.664,-0.568,-0.621,-0.72,0.31,5.277,5.436,3.73],[0.002,0.013,-0.751,0.445,-0.488,0.325,-0.395,-0.859,-0.575,-0.804,0.152,7.088,7.491,1.317],[0.002,0.014,-0.879,0.381,0.285,-0.379,-0.197,-0.904,-0.289,-0.903,0.317,9.06,10.061,-0.173],[0.002,0.015,-0.587,0.403,0.702,-0.73,0.111,-0.674,-0.35,-0.908,0.229,10.911,12.389,-2.055],[0.002,0.016,-0.423,-0.01,0.906,-0.844,0.367,-0.391,-0.329,-0.93,-0.164,12.185,15.008,-1.049],[0.002,0.017,0.352,-0.259,0.899,-0.797,0.42,0.433,-0.491,-0.869,-0.059,13.527,17.811,-2.351],[0.002,0.018,0.873,-0.25,0.419,-0.429,0.015,0.903,-0.232,-0.968,-0.094,15.441,21.701,-1.83],[0.001,0.001,-0.479,0.532,-0.698,-0.581,0.405,0.706,0.658,0.744,0.115,-14.225,-21.866,-0.715],[0.001,0.002,-0.681,0.713,-0.166,-0.177,0.059,0.982,0.71,0.699,0.086,-11.554,-19.75,-1.099],[0.001,0.003,-0.653,0.599,0.463,0.322,-0.334,0.886,0.685,0.728,0.025,-9.981,-16.603,-1.752],[0.001,0.004,-0.405,0.435,0.804,0.69,-0.431,0.581,0.6,0.79,-0.125,-9.42,-13.455,-2.032],[0.001,0.005,-0.006,0.088,0.996,0.812,-0.582,0.056,0.585,0.808,-0.067,-9.155,-9.572,-1.541],[0.001,0.006,0.289,-0.383,0.878,0.823,-0.369,-0.432,0.489,0.847,0.209,-8.13,-6.901,-1.217],[0.001,0.007,0.769,-0.483,0.418,0.498,0.045,-0.866,0.4,0.875,0.275,-7.059,-4.35,0.593],[0.001,0.008,0.872,-0.425,-0.241,-0.097,0.335,-0.937,0.479,0.841,0.251,-5.82,-1.278,1.859],[0.001,0.009,0.73,-0.44,-0.523,-0.311,0.468,-0.827,0.608,0.767,0.204,-3.989,1.506,3.71],[0.001,0.01,0.294,-0.215,-0.931,-0.608,0.71,-0.356,0.737,0.671,0.078,-0.714,2.832,4.005],[0.001,0.011,-0.072,0.069,-0.995,-0.696,0.711,0.1,0.714,0.7,-0.003,3.26,4.135,3.556],[0.001,0.012,-0.419,0.405,-0.813,-0.385,0.731,0.563,0.822,0.549,-0.15,5.794,5.403,3.968],[0.001,0.013,-0.6,0.725,-0.338,0.044,0.452,0.891,0.799,0.52,-0.303,7.547,7.384,1.673],[0.001,0.014,-0.633,0.696,0.338,0.438,-0.038,0.898,0.638,0.717,-0.281,9.226,9.864,-0.071],[0.001,0.015,-0.404,0.571,0.715,0.762,-0.223,0.608,0.507,0.79,-0.345,10.737,12.034,-1.443],[0.001,0.016,-0.17,0.11,0.979,0.892,-0.405,0.2,0.419,0.908,-0.029,12.209,15.612,-0.977],[0.001,0.017,0.317,-0.177,0.932,0.815,-0.452,-0.363,0.486,0.874,0.001,13.629,18.96,-2.246],[0.001,0.018,0.78,-0.358,0.514,0.451,-0.248,-0.857,0.434,0.9,-0.032,15.682,22.123,-1.595],[0.002,0.001,-0.563,0.44,-0.699,0.659,-0.271,-0.701,-0.499,-0.856,-0.138,-15.02,-22.261,-1.093],[0.002,0.002,-0.818,0.535,-0.21,0.221,-0.044,-0.974,-0.53,-0.844,-0.082,-12.165,-19.836,-1.229],[0.002,0.003,-0.798,0.343,0.495,-0.406,0.3,-0.863,-0.445,-0.89,-0.101,-10.564,-16.833,-1.755],[0.002,0.004,-0.612,-0.006,0.791,-0.722,0.414,-0.555,-0.325,-0.91,-0.257,-9.49,-13.607,-2.092],[0.002,0.005,-0.116,-0.062,0.991,-0.926,0.367,-0.085,-0.359,-0.928,-0.1,-9.407,-9.783,-1.86],[0.002,0.006,0.222,-0.493,0.842,-0.798,0.404,0.447,-0.561,-0.77,-0.303,-8.361,-7.433,-1.351],[0.002,0.007,0.734,-0.486,0.475,-0.479,0.126,0.869,-0.482,-0.865,-0.14,-6.931,-4.291,0.59],[0.002,0.008,0.742,-0.665,-0.085,-0.076,-0.209,0.975,-0.666,-0.717,-0.205,-5.574,-1.475,1.835],[0.002,0.009,0.622,-0.525,-0.581,0.441,-0.378,0.814,-0.647,-0.763,-0.004,-3.88,0.985,3.328],[0.002,0.01,0.163,-0.317,-0.934,0.634,-0.692,0.345,-0.755,-0.649,0.089,-0.597,3.022,4.463],[0.002,0.011,-0.24,-0.124,-0.963,0.598,-0.8,-0.046,-0.764,-0.587,0.266,2.794,3.885,3.536],[0.002,0.012,-0.647,0.211,-0.732,0.441,-0.68,-0.586,-0.622,-0.702,0.347,5.854,5.301,3.905],[0.002,0.013,-0.74,0.514,-0.434,0.294,-0.333,-0.896,-0.605,-0.791,0.095,7.432,7.117,1.774],[0.002,0.014,-0.898,0.355,0.258,-0.326,-0.145,-0.934,-0.295,-0.923,0.246,9.096,9.684,-0.152],[0.002,0.015,-0.624,0.271,0.733,-0.751,0.052,-0.658,-0.216,-0.961,0.171,11.064,12.062,-1.988],[0.002,0.016,-0.425,-0.07,0.902,-0.873,0.294,-0.389,-0.239,-0.953,-0.186,11.949,15.196,-1.109],[0.002,0.017,0.391,-0.209,0.896,-0.841,0.316,0.44,-0.376,-0.925,-0.053,13.24,18.264,-2.583],[0.002,0.018,0.82,-0.318,0.477,-0.504,-0.004,0.864,-0.273,-0.948,-0.163,15.206,21.709,-1.814],[0.001,0.001,-0.587,0.416,-0.695,-0.62,0.321,0.716,0.521,0.851,0.07,-14.436,-22.414,-0.666],[0.001,0.002,-0.788,0.591,-0.172,-0.225,-0.016,0.974,0.573,0.807,0.146,-11.634,-19.586,-1.254],[0.001,0.003,-0.692,0.522,0.499,0.366,-0.343,0.865,0.623,0.781,0.047,-10.249,-16.446,-1.93],[0.001,0.004,-0.501,0.181,0.847,0.688,-0.51,0.516,0.526,0.841,0.131,-9.072,-13.456,-2.416],[0.001,0.005,-0.007,-0.074,0.997,0.839,-0.542,-0.034,0.544,0.837,0.065,-8.795,-9.811,-1.405],[0.001,0.006,0.407,-0.335,0.85,0.814,-0.289,-0.504,0.414,0.897,0.155,-7.911,-6.949,-1.147],[0.001,0.007,0.787,-0.395,0.474,0.523,0.019,-0.852,0.328,0.918,0.221,-7.175,-3.976,0.608],[0.001,0.008,0.853,-0.482,-0.2,-0.067,0.28,-0.958,0.518,0.831,0.206,-6.135,-1.277,2.206],[0.001,0.009,0.686,-0.439,-0.58,-0.244,0.612,-0.752,0.685,0.658,0.312,-4.818,0.84,3.696],[0.001,0.01,0.298,-0.174,-0.939,-0.689,0.642,-0.337,0.661,0.747,0.071,-0.843,2.621,4.019],[0.001,0.011,-0.113,0.24,-0.964,-0.738,0.63,0.243,0.665,0.739,0.106,2.777,4.528,3.732],[0.001,0.012,-0.564,0.32,-0.761,-0.423,0.68,0.599,0.709,0.66,-0.248,5.461,5.322,4.1],[0.001,0.013,-0.723,0.6,-0.343,-0.089,0.412,0.907,0.685,0.686,-0.244,7.435,7.445,1.857],[0.001,0.014,-0.783,0.49,0.382,0.302,-0.236,0.923,0.543,0.839,0.037,9.488,10.345,-0.328],[0.001,0.015,-0.45,0.472,0.758,0.69,-0.355,0.631,0.567,0.807,-0.165,11.266,12.648,-1.585],[0.001,0.016,-0.061,0.311,0.948,0.967,-0.218,0.134,0.249,0.925,-0.287,12.579,15.117,-0.932],[0.001,0.017,0.297,-0.38,0.876,0.838,-0.336,-0.431,0.458,0.861,0.219,13.721,18.148,-2.532],[0.001,0.018,0.784,-0.463,0.413,0.437,-0.062,-0.897,0.441,0.884,0.153,15.63,20.875,-1.376],[0.002,0.001,-0.502,0.521,-0.69,0.677,-0.26,-0.689,-0.538,-0.813,-0.223,-14.914,-22.447,-0.968],[0.002,0.002,-0.798,0.554,-0.238,0.276,-0.016,-0.961,-0.537,-0.832,-0.141,-11.994,-19.834,-1.342],[0.002,0.003,-0.801,0.314,0.511,-0.465,0.213,-0.86,-0.378,-0.925,-0.025,-10.615,-16.582,-1.852],[0.002,0.004,-0.602,-0.011,0.798,-0.737,0.393,-0.55,-0.308,-0.919,-0.245,-9.297,-13.754,-2.296],[0.002,0.005,-0.11,-0.128,0.986,-0.932,0.358,-0.057,-0.346,-0.925,-0.158,-9.222,-10.135,-1.72],[0.002,0.006,0.346,-0.4,0.849,-0.843,0.265,0.468,-0.413,-0.877,-0.245,-7.862,-7.092,-1.143],[0.002,0.007,0.728,-0.522,0.444,-0.485,0.066,0.872,-0.484,-0.85,-0.205,-7.08,-4.459,0.771],[0.002,0.008,0.886,-0.461,-0.05,0.03,-0.051,0.998,-0.462,-0.886,-0.031,-6.331,-1.816,2.095],[0.002,0.009,0.753,-0.38,-0.537,0.415,-0.358,0.836,-0.51,-0.853,-0.111,-3.9,1.215,3.712],[0.002,0.01,0.193,-0.381,-0.904,0.592,-0.689,0.417,-0.782,-0.616,0.093,-0.521,2.92,4.337],[0.002,0.011,-0.13,-0.081,-0.988,0.732,-0.68,-0.04,-0.669,-0.729,0.147,2.218,4.005,3.772],[0.002,0.012,-0.667,0.22,-0.712,0.44,-0.655,-0.614,-0.601,-0.723,0.34,5.949,5.509,4.286],[0.002,0.013,-0.821,0.344,-0.455,0.309,-0.402,-0.862,-0.48,-0.849,0.223,7.49,7.491,1.887],[0.002,0.014,-0.912,0.336,0.235,-0.337,-0.286,-0.897,-0.234,-0.898,0.373,9.214,10.176,-0.353],[0.002,0.015,-0.646,0.272,0.713,-0.716,0.106,-0.69,-0.263,-0.957,0.126,11.221,12.099,-1.775],[0.002,0.016,-0.375,-0.036,0.926,-0.853,0.403,-0.33,-0.362,-0.914,-0.182,12.5,14.679,-1.285],[0.002,0.017,0.278,-0.348,0.895,-0.885,0.27,0.38,-0.375,-0.897,-0.233,13.738,18.27,-2.646],[0.002,0.018,0.745,-0.471,0.472,-0.538,-0.005,0.843,-0.395,-0.882,-0.257,15.249,21.017,-1.72],[0.001,0.001,-0.53,0.515,-0.674,-0.531,0.418,0.737,0.661,0.749,0.052,-14.555,-22.212,-0.736],[0.001,0.002,-0.77,0.613,-0.177,-0.197,0.036,0.98,0.607,0.789,0.093,-12.075,-19.703,-1.631],[0.001,0.003,-0.646,0.615,0.452,0.284,-0.356,0.89,0.708,0.704,0.056,-10.164,-16.541,-2.293],[0.001,0.004,-0.471,0.198,0.86,0.689,-0.527,0.499,0.552,0.827,0.112,-9.233,-13.308,-2.279],[0.001,0.005,-0.065,-0.143,0.988,0.826,-0.563,-0.027,0.56,0.814,0.154,-8.758,-9.732,-1.256],[0.001,0.006,0.39,-0.249,0.887,0.842,-0.294,-0.453,0.374,0.923,0.095,-8.003,-6.813,-0.89],[0.001,0.007,0.806,-0.388,0.447,0.5,0.042,-0.865,0.317,0.921,0.227,-7.196,-4.081,0.689],[0.001,0.008,0.845,-0.518,-0.133,0.045,0.317,-0.947,0.532,0.795,0.291,-6.496,-1.188,2.243],[0.001,0.009,0.726,-0.378,-0.574,-0.288,0.591,-0.754,0.624,0.713,0.32,-4.25,0.972,3.728],[0.001,0.01,0.363,-0.246,-0.899,-0.554,0.718,-0.421,0.749,0.651,0.124,-1.004,2.672,4.609],[0.001,0.011,0.001,0.212,-0.977,-0.536,0.825,0.179,0.844,0.524,0.115,2.463,3.54,3.646],[0.001,0.012,-0.553,0.33,-0.765,-0.481,0.624,0.616,0.68,0.709,-0.186,5.924,5.102,4.04],[0.001,0.013,-0.765,0.578,-0.282,-0.04,0.395,0.918,0.642,0.714,-0.279,7.627,7.38,1.865],[0.001,0.014,-0.743,0.611,0.274,0.365,0.026,0.931,0.562,0.791,-0.242,9.096,9.878,-0.169],[0.001,0.015,-0.457,0.604,0.653,0.671,-0.248,0.699,0.585,0.757,-0.292,10.772,12.263,-2.034],[0.001,0.016,-0.137,0.261,0.955,0.943,-0.26,0.207,0.303,0.929,-0.211,12.028,15.219,-1.187],[0.001,0.017,0.352,-0.171,0.92,0.82,-0.417,-0.391,0.451,0.892,-0.007,13.695,18.238,-2.335],[0.001,0.018,0.727,-0.54,0.424,0.296,-0.311,-0.903,0.62,0.782,-0.066,15.71,21.52,-1.849],[0.002,0.001,-0.53,0.513,-0.676,0.63,-0.296,-0.718,-0.568,-0.806,-0.167,-14.831,-22.515,-0.756],[0.002,0.002,-0.829,0.513,-0.22,0.235,-0.037,-0.971,-0.507,-0.857,-0.09,-12.266,-19.9,-1.6],[0.002,0.003,-0.759,0.454,0.466,-0.401,0.237,-0.885,-0.512,-0.859,0.002,-10.213,-16.645,-2.257],[0.002,0.004,-0.615,-0.113,0.78,-0.782,0.216,-0.585,-0.103,-0.97,-0.221,-9.164,-12.886,-1.92],[0.002,0.005,-0.244,-0.143,0.959,-0.879,0.449,-0.156,-0.409,-0.882,-0.236,-9.004,-10.183,-1.116],[0.002,0.006,0.314,-0.566,0.762,-0.843,0.203,0.498,-0.438,-0.799,-0.413,-8.142,-6.762,-0.937],[0.002,0.007,0.687,-0.551,0.474,-0.465,0.168,0.869,-0.559,-0.817,-0.14,-7.144,-4.612,0.704],[0.002,0.008,0.835,-0.537,-0.122,-0.03,-0.267,0.963,-0.55,-0.8,-0.239,-6.184,-1.331,2.14],[0.002,0.009,0.78,-0.35,-0.518,0.42,-0.321,0.849,-0.463,-0.881,-0.103,-3.904,0.814,3.571],[0.002,0.01,0.122,-0.363,-0.924,0.601,-0.714,0.36,-0.79,-0.599,0.132,-0.78,3.242,4.615],[0.002,0.011,-0.225,-0.125,-0.966,0.71,-0.701,-0.075,-0.668,-0.703,0.246,2.503,3.663,3.406],[0.002,0.012,-0.691,0.17,-0.702,0.429,-0.685,-0.588,-0.581,-0.708,0.401,6.102,5.436,3.767],[0.002,0.013,-0.837,0.339,-0.429,0.305,-0.363,-0.88,-0.455,-0.868,0.201,7.377,7.264,1.825],[0.002,0.014,-0.896,0.405,0.181,-0.265,-0.161,-0.951,-0.356,-0.9,0.252,8.947,9.801,-0.126],[0.002,0.015,-0.625,0.356,0.695,-0.695,0.152,-0.703,-0.356,-0.922,0.152,10.792,12.113,-1.968],[0.002,0.016,-0.449,-0.014,0.893,-0.84,0.347,-0.417,-0.305,-0.938,-0.167,12.132,14.984,-1.289],[0.002,0.017,0.273,-0.243,0.931,-0.889,0.305,0.34,-0.367,-0.921,-0.133,13.584,18.331,-2.255],[0.002,0.018,0.762,-0.445,0.471,-0.506,0.046,0.861,-0.405,-0.894,-0.19,15.519,21.169,-1.847],[0.001,0.001,-0.549,0.451,-0.704,-0.55,0.439,0.711,0.629,0.778,0.007,-14.665,-22.071,-1.277],[0.001,0.002,-0.714,0.689,-0.127,-0.181,-0.007,0.983,0.677,0.725,0.13,-11.915,-19.522,-1.704],[0.001,0.003,-0.678,0.558,0.479,0.266,-0.42,0.867,0.685,0.715,0.137,-9.857,-16.31,-2.075],[0.001,0.004,-0.405,0.261,0.877,0.71,-0.514,0.481,0.576,0.817,0.023,-9.046,-13.349,-1.868],[0.001,0.005,0.031,-0.083,0.996,0.857,-0.511,-0.069,0.515,0.855,0.055,-8.709,-9.867,-1.218],[0.001,0.006,0.318,-0.346,0.883,0.878,-0.244,-0.412,0.359,0.906,0.226,-8.352,-7.029,-0.942],[0.001,0.007,0.82,-0.443,0.363,0.452,0.112,-0.885,0.352,0.89,0.291,-6.674,-4.587,0.711],[0.001,0.008,0.895,-0.436,-0.092,0.066,0.335,-0.94,0.441,0.835,0.328,-6.301,-1.11,2.278],[0.001,0.009,0.688,-0.231,-0.688,-0.45,0.608,-0.654,0.569,0.76,0.314,-3.478,1.018,3.302],[0.001,0.01,0.316,-0.288,-0.904,-0.536,0.732,-0.42,0.783,0.618,0.077,-1.128,2.77,4.729],[0.001,0.011,0.008,0.215,-0.976,-0.559,0.811,0.174,0.829,0.545,0.127,2.392,3.814,3.383],[0.001,0.012,-0.523,0.442,-0.729,-0.401,0.628,0.667,0.752,0.641,-0.151,5.512,5.334,3.636],[0.001,0.013,-0.61,0.714,-0.345,0.003,0.438,0.899,0.793,0.547,-0.269,7.496,7.382,1.863],[0.001,0.014,-0.689,0.656,0.309,0.325,-0.101,0.94,0.648,0.748,-0.143,9.517,10.118,-0.051],[0.001,0.015,-0.42,0.604,0.678,0.654,-0.316,0.687,0.629,0.732,-0.262,11.142,12.548,-1.925],[0.001,0.016,-0.068,0.317,0.946,0.948,-0.275,0.16,0.312,0.908,-0.282,12.168,15.268,-1.212],[0.001,0.017,0.351,-0.094,0.932,0.819,-0.452,-0.354,0.454,0.887,-0.082,13.426,18.302,-2.394],[0.001,0.018,0.746,-0.432,0.506,0.497,-0.144,-0.856,0.443,0.89,0.107,15.203,20.86,-2.074],[0.002,0.001,-0.533,0.462,-0.709,0.687,-0.253,-0.681,-0.493,-0.85,-0.183,-14.909,-22.388,-1.322],[0.002,0.002,-0.885,0.423,-0.195,0.137,-0.163,-0.977,-0.446,-0.891,0.086,-11.673,-19.572,-1.616],[0.002,0.003,-0.807,0.295,0.511,-0.482,0.168,-0.86,-0.34,-0.94,0.006,-10.216,-16.72,-2.016],[0.002,0.004,-0.647,-0.127,0.752,-0.72,0.427,-0.547,-0.252,-0.895,-0.368,-9.571,-13.907,-2.18],[0.002,0.005,-0.065,-0.068,0.996,-0.871,0.491,-0.023,-0.487,-0.868,-0.092,-9.102,-10.425,-1.229],[0.002,0.006,0.384,-0.441,0.811,-0.809,0.262,0.526,-0.445,-0.858,-0.256,-8.354,-6.962,-1.112],[0.002,0.007,0.742,-0.479,0.468,-0.425,0.203,0.882,-0.518,-0.854,-0.053,-6.687,-4.717,0.657],[0.002,0.008,0.811,-0.57,-0.13,-0.044,-0.282,0.958,-0.583,-0.772,-0.254,-6.043,-0.803,2.41],[0.002,0.009,0.599,-0.556,-0.576,0.399,-0.416,0.817,-0.694,-0.719,-0.027,-3.867,1.114,3.76],[0.002,0.01,0.147,-0.362,-0.92,0.658,-0.659,0.364,-0.738,-0.66,0.142,-1.202,2.742,4.72],[0.002,0.011,-0.168,-0.146,-0.975,0.793,-0.608,-0.046,-0.586,-0.781,0.218,1.993,3.574,3.393],[0.002,0.012,-0.701,0.066,-0.71,0.484,-0.687,-0.542,-0.523,-0.724,0.45,5.777,5.589,3.625],[0.002,0.013,-0.834,0.351,-0.425,0.261,-0.428,-0.865,-0.485,-0.833,0.266,7.479,7.408,1.744],[0.002,0.014,-0.815,0.515,0.266,-0.426,-0.219,-0.878,-0.394,-0.829,0.398,9.594,10.098,-0.337],[0.002,0.015,-0.563,0.462,0.685,-0.698,0.179,-0.694,-0.443,-0.869,0.221,11.27,11.885,-2.036],[0.002,0.016,-0.438,0.028,0.899,-0.778,0.489,-0.394,-0.451,-0.871,-0.192,11.763,14.556,-1.269],[0.002,0.017,0.35,-0.207,0.914,-0.827,0.39,0.405,-0.44,-0.897,-0.035,13.092,18.111,-2.667],[0.002,0.018,0.694,-0.489,0.528,-0.571,0.073,0.818,-0.438,-0.869,-0.229,15.286,20.903,-1.917],[0.001,0.001,-0.559,0.482,-0.674,-0.527,0.422,0.738,0.64,0.768,0.019,-14.663,-22.36,-0.967],[0.001,0.002,-0.626,0.748,-0.22,-0.067,0.229,0.971,0.777,0.622,-0.093,-12.473,-20.165,-1.852],[0.001,0.003,-0.659,0.574,0.486,0.384,-0.299,0.874,0.647,0.762,-0.023,-10.437,-16.917,-2.175],[0.001,0.004,-0.369,0.129,0.921,0.759,-0.53,0.378,0.537,0.838,0.097,-9.317,-13.644,-1.588],[0.001,0.005,0.044,-0.089,0.995,0.871,-0.484,-0.082,0.489,0.87,0.057,-8.594,-10.272,-1.385],[0.001,0.006,0.207,-0.456,0.866,0.871,-0.318,-0.375,0.447,0.831,0.331,-7.921,-7.251,-1.117],[0.001,0.007,0.749,-0.408,0.523,0.634,0.211,-0.744,0.193,0.889,0.416,-7.091,-4.885,0.533],[0.001,0.008,0.857,-0.498,-0.136,0.019,0.294,-0.956,0.516,0.816,0.261,-6.101,-1.063,2.201],[0.001,0.009,0.701,-0.262,-0.663,-0.486,0.505,-0.713,0.522,0.823,0.227,-3.46,1.354,3.449],[0.001,0.01,0.287,-0.215,-0.933,-0.589,0.729,-0.349,0.755,0.65,0.083,-1.155,2.796,3.943],[0.001,0.011,-0.049,0.128,-0.991,-0.619,0.774,0.131,0.783,0.62,0.041,2.704,4.027,3.454],[0.001,0.012,-0.494,0.453,-0.742,-0.413,0.629,0.659,0.765,0.632,-0.124,5.594,5.493,3.811],[0.001,0.013,-0.7,0.643,-0.311,0.069,0.494,0.867,0.711,0.585,-0.389,7.298,7.458,2.272],[0.001,0.014,-0.709,0.623,0.33,0.388,-0.046,0.921,0.589,0.781,-0.208,8.986,10.417,0.364],[0.001,0.015,-0.431,0.567,0.702,0.734,-0.231,0.638,0.525,0.79,-0.316,10.728,12.25,-1.945],[0.001,0.016,-0.111,0.268,0.957,0.951,-0.251,0.18,0.289,0.93,-0.228,12.538,15.108,-1.19],[0.001,0.017,0.401,0.108,0.91,0.876,-0.337,-0.346,0.27,0.935,-0.23,13.314,18.223,-2.48],[0.001,0.018,0.646,-0.604,0.467,0.327,-0.334,-0.884,0.69,0.723,-0.019,15.762,22.117,-2.009],[0.002,0.001,-0.529,0.567,-0.632,0.648,-0.211,-0.732,-0.548,-0.796,-0.256,-14.782,-22.624,-0.886],[0.002,0.002,-0.856,0.435,-0.279,0.28,-0.063,-0.958,-0.434,-0.898,-0.068,-12.399,-19.781,-1.924],[0.002,0.003,-0.835,0.328,0.442,-0.378,0.242,-0.894,-0.401,-0.913,-0.078,-10.866,-16.777,-1.89],[0.002,0.004,-0.614,-0.192,0.766,-0.782,0.286,-0.555,-0.113,-0.939,-0.326,-8.972,-13.243,-1.889],[0.002,0.005,-0.022,-0.129,0.991,-0.873,0.486,0.044,-0.488,-0.864,-0.123,-8.803,-10.479,-1.282],[0.002,0.006,0.385,-0.531,0.755,-0.869,0.068,0.491,-0.312,-0.845,-0.435,-7.904,-6.349,-0.656],[0.002,0.007,0.673,-0.616,0.41,-0.519,0.002,0.855,-0.527,-0.788,-0.318,-6.615,-4.151,0.9],[0.002,0.008,0.768,-0.622,-0.156,-0.043,-0.292,0.955,-0.639,-0.727,-0.25,-6.168,-0.869,2.27],[0.002,0.009,0.681,-0.474,-0.558,0.406,-0.389,0.827,-0.609,-0.79,-0.072,-4.039,1.189,3.623],[0.002,0.01,0.142,-0.321,-0.936,0.688,-0.648,0.327,-0.712,-0.691,0.129,-1.297,2.893,4.595],[0.002,0.011,-0.141,-0.005,-0.99,0.794,-0.598,-0.11,-0.592,-0.801,0.088,2.136,3.628,3.5],[0.002,0.012,-0.652,0.155,-0.742,0.537,-0.596,-0.596,-0.535,-0.788,0.305,5.698,5.386,3.996],[0.002,0.013,-0.846,0.347,-0.405,0.241,-0.428,-0.871,-0.476,-0.835,0.278,7.673,7.454,2.168],[0.002,0.014,-0.901,0.34,0.27,-0.343,-0.176,-0.923,-0.266,-0.924,0.275,9.3,9.804,0.211],[0.002,0.015,-0.607,0.284,0.742,-0.775,-0.006,-0.632,-0.175,-0.959,0.224,11.299,12.196,-2.385],[0.002,0.016,-0.363,0.06,0.93,-0.867,0.344,-0.361,-0.342,-0.937,-0.073,12.467,14.738,-1.452],[0.002,0.017,0.235,-0.229,0.945,-0.903,0.307,0.299,-0.359,-0.923,-0.135,13.455,18.167,-2.075],[0.002,0.018,0.799,-0.338,0.498,-0.551,-0.079,0.831,-0.242,-0.938,-0.249,15.536,21.908,-1.942],[0.001,0.001,-0.602,0.482,-0.636,-0.456,0.446,0.77,0.655,0.754,-0.048,-14.67,-22.294,-0.717],[0.001,0.002,-0.655,0.752,-0.073,0.038,0.129,0.991,0.755,0.646,-0.113,-12.793,-19.874,-1.506],[0.001,0.003,-0.653,0.626,0.426,0.24,-0.363,0.9,0.719,0.69,0.087,-9.739,-16.622,-2.266],[0.001,0.004,-0.383,0.196,0.903,0.692,-0.587,0.421,0.612,0.786,0.089,-9.047,-13.279,-2.165],[0.001,0.005,0.122,-0.014,0.992,0.841,-0.529,-0.111,0.527,0.848,-0.053,-8.452,-9.787,-0.827],[0.001,0.006,0.353,-0.386,0.852,0.832,-0.287,-0.474,0.428,0.877,0.22,-7.816,-6.826,-0.87],[0.001,0.007,0.781,-0.475,0.407,0.48,0.038,-0.877,0.401,0.879,0.257,-6.079,-4.099,0.678],[0.001,0.008,0.85,-0.482,-0.214,-0.038,0.348,-0.937,0.526,0.804,0.277,-6.081,-0.864,1.896],[0.001,0.009,0.758,-0.216,-0.615,-0.479,0.456,-0.75,0.442,0.864,0.242,-3.355,1.629,3.414],[0.001,0.01,0.312,-0.191,-0.931,-0.593,0.726,-0.348,0.742,0.66,0.113,-0.964,2.821,4.101],[0.001,0.011,0.068,0.224,-0.972,-0.56,0.815,0.148,0.825,0.535,0.181,2.16,3.878,4.092],[0.001,0.012,-0.521,0.406,-0.751,-0.439,0.628,0.643,0.732,0.665,-0.149,5.292,5.507,3.765],[0.001,0.013,-0.709,0.62,-0.335,-0.186,0.294,0.938,0.68,0.728,-0.092,7.937,8.111,1.995],[0.001,0.014,-0.742,0.629,0.232,0.263,-0.045,0.964,0.617,0.776,-0.132,10,9.677,0.043],[0.001,0.015,-0.405,0.581,0.706,0.637,-0.375,0.674,0.656,0.723,-0.218,11.745,12.106,-1.994],[0.001,0.016,-0.111,0.248,0.962,0.877,-0.43,0.212,0.467,0.868,-0.17,12.499,15.137,-1.103],[0.001,0.017,0.357,-0.158,0.921,0.725,-0.575,-0.38,0.59,0.802,-0.091,13.464,18.595,-2.246],[0.001,0.018,0.668,-0.54,0.512,0.492,-0.196,-0.848,0.558,0.819,0.134,14.739,21.169,-2.075],[0.002,0.001,-0.555,0.568,-0.608,0.689,-0.095,-0.719,-0.466,-0.818,-0.338,-15.109,-23.163,-0.635],[0.002,0.002,-0.9,0.388,-0.198,0.2,-0.035,-0.979,-0.387,-0.921,-0.046,-12.375,-19.849,-1.517],[0.002,0.003,-0.708,0.463,0.533,-0.452,0.283,-0.846,-0.543,-0.84,0.009,-10.182,-16.954,-2.253],[0.002,0.004,-0.676,-0.263,0.688,-0.736,0.193,-0.649,0.038,-0.945,-0.324,-9.445,-12.926,-2.02],[0.002,0.005,-0.067,-0.028,0.997,-0.927,0.37,-0.052,-0.368,-0.928,-0.051,-8.571,-10.095,-0.863],[0.002,0.006,0.417,-0.425,0.803,-0.846,0.141,0.514,-0.332,-0.894,-0.301,-7.943,-6.362,-1.002],[0.002,0.007,0.66,-0.552,0.51,-0.473,0.222,0.853,-0.584,-0.804,-0.114,-6.699,-4.491,0.409],[0.002,0.008,0.806,-0.585,-0.085,-0.095,-0.271,0.958,-0.584,-0.765,-0.273,-5.748,-0.662,2.048],[0.002,0.009,0.747,-0.411,-0.522,0.401,-0.348,0.848,-0.53,-0.843,-0.095,-3.797,1.058,3.239],[0.002,0.01,0.125,-0.289,-0.949,0.577,-0.757,0.306,-0.807,-0.586,0.072,-0.588,3.028,4.585],[0.002,0.011,-0.228,-0.125,-0.966,0.768,-0.633,-0.099,-0.599,-0.764,0.24,1.868,3.746,3.512],[0.002,0.012,-0.684,0.143,-0.715,0.368,-0.778,-0.508,-0.629,-0.612,0.48,6.055,6.069,3.667],[0.002,0.013,-0.84,0.409,-0.357,0.202,-0.376,-0.905,-0.504,-0.832,0.233,7.648,7.437,2.134],[0.002,0.014,-0.817,0.416,0.4,-0.53,-0.266,-0.805,-0.228,-0.87,0.438,10.422,9.781,-0.325],[0.002,0.015,-0.447,0.489,0.749,-0.804,0.147,-0.576,-0.392,-0.86,0.327,11.787,11.735,-2.13],[0.002,0.016,-0.43,0.03,0.902,-0.794,0.463,-0.394,-0.43,-0.886,-0.176,12.072,14.475,-1.027],[0.002,0.017,0.31,-0.299,0.903,-0.87,0.293,0.396,-0.383,-0.908,-0.169,13.149,18.407,-2.678],[0.002,0.018,0.8,-0.266,0.538,-0.534,0.092,0.84,-0.273,-0.959,-0.068,15.272,21.196,-1.809],[0.001,0.001,-0.514,0.459,-0.725,-0.652,0.34,0.678,0.558,0.821,0.124,-13.828,-21.939,-0.646],[0.001,0.002,-0.774,0.622,-0.119,-0.18,-0.036,0.983,0.607,0.782,0.14,-11.755,-19.143,-1.375],[0.001,0.003,-0.603,0.598,0.528,0.273,-0.467,0.841,0.749,0.651,0.119,-9.71,-15.717,-1.969],[0.001,0.004,-0.425,0.285,0.859,0.683,-0.521,0.511,0.594,0.804,0.027,-8.791,-13.104,-2.037],[0.001,0.005,-0.004,-0.037,0.999,0.81,-0.586,-0.019,0.587,0.809,0.033,-8.291,-9.256,-1.051],[0.001,0.006,0.271,-0.366,0.89,0.896,-0.244,-0.372,0.353,0.898,0.262,-7.574,-6.598,-1.305],[0.001,0.007,0.758,-0.349,0.552,0.614,0.095,-0.784,0.222,0.932,0.286,-6.922,-3.957,0.087],[0.001,0.008,0.862,-0.497,-0.098,0.068,0.305,-0.95,0.502,0.812,0.296,-6.477,-0.875,1.873],[0.001,0.009,0.797,-0.22,-0.563,-0.373,0.553,-0.745,0.475,0.804,0.359,-3.852,1.04,3.196],[0.001,0.01,0.219,-0.206,-0.954,-0.629,0.718,-0.299,0.746,0.665,0.028,-1.114,2.91,3.588],[0.001,0.011,-0.058,0.177,-0.983,-0.69,0.705,0.167,0.722,0.687,0.082,2.445,4.277,4.184],[0.001,0.012,-0.443,0.446,-0.778,-0.407,0.672,0.618,0.798,0.591,-0.116,5.314,4.922,4.057],[0.001,0.013,-0.64,0.686,-0.346,-0.059,0.405,0.912,0.766,0.605,-0.219,7.332,6.695,1.809],[0.001,0.014,-0.784,0.497,0.371,0.354,-0.131,0.926,0.509,0.858,-0.073,9.127,9.565,0.242],[0.001,0.015,-0.513,0.457,0.726,0.57,-0.451,0.687,0.642,0.767,-0.029,11.506,12.499,-2.173],[0.001,0.016,-0.149,0.219,0.964,0.941,-0.267,0.207,0.303,0.938,-0.166,12.161,14.784,-1.055],[0.001,0.017,0.382,-0.025,0.924,0.856,-0.369,-0.363,0.35,0.929,-0.12,